========================================
|||||   DADOS BÁSICOS DE ENTRADA   |||||
========================================

	Data:17-Jun-2017 16:17:08

	Nome do sistema:ej_ee_3barras.xlsx
	Método Usado:MQP
	Potência base=1MW	Tensão Base=1kV
	Barras=3	
	Numero de Linhas:3

	Numero de Medidas:16

	ITERAÇÕES =7


	VALOR FUNÇÃO OBJETIVO J(x) =798.9959


===================================
|||||   RESULTADOS RESÍDUOS   |||||
===================================

Tipo	Bus i	Bus j		Medida [pu]	Estimada [pu]	Resíduo [pu] 	Resíduo N [pu] 	  UI    	  b^  

1.0	 1.0	  2.0	       1.5706	         1.6107	        -0.0401	         4.1612	        0.4252	       4.5218
1.0	 2.0	  1.0	      -1.5276	        -1.5663	         0.0387	         4.1147	        0.4187	       4.4608
1.0	 1.0	  3.0	       0.7553	         0.7690	        -0.0137	         2.8638	        0.3334	       3.0188
1.0	 3.0	  1.0	      -0.7277	        -0.7408	         0.0131	         2.8579	        0.3349	       3.0139
1.0	 2.0	  3.0	       0.4149	         0.4183	        -0.0034	         1.4528	        0.6001	       1.6943
1.0	 3.0	  2.0	      -0.4059	        -0.4093	         0.0034	         1.4737	        0.5930	       1.7133
2.0	 1.0	  1.0	       2.7912	         2.3797	         0.4115	        28.2640	        0.3664	      30.1015
3.0	 1.0	  2.0	      -0.2033	        -0.2043	         0.0010	         0.8419	        0.4783	       0.9333
3.0	 2.0	  1.0	       0.2762	         0.2805	        -0.0043	         2.4646	        0.3631	       2.6221
3.0	 1.0	  3.0	       0.0388	         0.0399	        -0.0011	         6.2207	        1.1404	       9.4353
3.0	 3.0	  1.0	       0.0219	         0.0221	        -0.0002	         3.8747	        2.8529	      11.7137
3.0	 2.0	  3.0	       0.0118	         0.0116	         0.0002	         8.5286	        3.2910	      29.3351
3.0	 3.0	  2.0	      -0.0211	        -0.0216	         0.0005	         6.6988	        1.5179	      12.1766
4.0	 1.0	  1.0	      -0.1645	        -0.1645	        -0.0000	         0.0390	        0.8204	       0.0504
5.0	 1.0	  1.0	       1.0600	         1.0698	        -0.0098	         1.4159	        0.2016	       1.4444
5.0	 3.0	  3.0	       1.0200	         1.0288	        -0.0088	         1.3253	        0.2063	       1.3532



===================================
|||||   RESULTADOS V ESTADO   |||||
===================================

Bus i		V [p.u.]	delta [º]

1.0	       1.0698	        0.0000
2.0	       1.0543	       -5.0192
3.0	       1.0288	       -8.7715
