========================================
|||||   DADOS BÁSICOS DE ENTRADA   |||||
========================================

	Data:03-Jul-2017 10:07:07

	Nome do sistema:IEEE_14_busbar_prova_london_b.xlsx
	Método Usado:MQP
	Potência base=1MW	Tensão Base=1kV
	Barras=14	
	Numero de Linhas:20

	Numero de Medidas:59

	ITERAÇÕES =4


	VALOR FUNÇÃO OBJETIVO J(x) =2.9529


===================================
|||||   RESULTADOS RESÍDUOS   |||||
===================================

Tipo	Bus i	Bus j		Medida [pu]	Estimada [pu]	Resíduo [pu] 	Resíduo N [pu] 	  UI    	  b^  

1.0	 1.0	  2.0	       1.0466	         1.0447	         0.0019	         0.0739	        0.6471	       0.0880
1.0	 1.0	  5.0	       0.7606	         0.7648	        -0.0042	         0.1476	        0.3693	       0.1574
1.0	 3.0	  2.0	      -0.7637	        -0.7553	        -0.0084	         0.3007	        0.3943	       0.3232
1.0	 5.0	  2.0	      -0.5997	        -0.5972	        -0.0026	         0.0907	        0.3712	       0.0968
1.0	 4.0	  3.0	       0.1038	         0.0915	         0.0124	         0.4669	        0.5334	       0.5292
1.0	 4.0	  5.0	      -0.4941	        -0.4996	         0.0055	         0.2948	        1.2681	       0.4761
1.0	 9.0	  4.0	      -0.2151	        -0.2097	        -0.0054	         0.1863	        0.2900	       0.1939
1.0	 6.0	  5.0	      -0.4928	        -0.4946	         0.0019	         0.0982	        1.2238	       0.1552
1.0	 6.0	  11.0	       0.1165	         0.1219	        -0.0054	         0.2924	        1.2737	       0.4735
1.0	 6.0	  12.0	       0.0749	         0.0729	         0.0021	         0.0767	        0.4627	       0.0845
1.0	 12.0	  6.0	      -0.0717	        -0.0722	         0.0005	         0.0171	        0.4530	       0.0188
1.0	 7.0	  8.0	      -0.0062	        -0.0027	        -0.0034	         0.1371	        0.6591	       0.1642
1.0	 8.0	  7.0	       0.0071	         0.0027	         0.0043	         0.1734	        0.6591	       0.2076
1.0	 9.0	  7.0	      -0.3747	        -0.3672	        -0.0075	         0.3157	        0.7647	       0.3974
1.0	 10.0	  9.0	      -0.1081	        -0.0973	        -0.0109	         0.4729	        0.8370	       0.6167
1.0	 10.0	  11.0	      -0.0249	        -0.0200	        -0.0049	         0.2214	        0.9153	       0.3002
1.0	 12.0	  13.0	       0.0079	         0.0097	        -0.0018	         0.0725	        0.6401	       0.0861
1.0	 14.0	  13.0	      -0.0543	        -0.0437	        -0.0106	         0.4216	        0.6522	       0.5034
2.0	 1.0	  1.0	       1.8059	         1.8095	        -0.0035	         0.1871	        1.2480	       0.2992
2.0	 2.0	  2.0	       1.1107	         1.1134	        -0.0027	         0.1992	        1.9730	       0.4407
2.0	 3.0	  3.0	      -0.8374	        -0.8450	         0.0076	         0.3962	        1.1998	       0.6188
2.0	 4.0	  4.0	      -0.5468	        -0.5419	        -0.0049	         0.3504	        1.8831	       0.7472
2.0	 6.0	  6.0	      -0.1482	        -0.1493	         0.0011	         0.1173	        3.0558	       0.3773
2.0	 7.0	  7.0	      -0.0079	        -0.0012	        -0.0067	         0.4245	        1.6265	       0.8105
2.0	 8.0	  8.0	      -0.0117	         0.0027	        -0.0144	         0.5768	        0.6591	       0.6908
2.0	 9.0	  9.0	      -0.4203	        -0.4205	         0.0002	         0.0162	        1.6888	       0.0318
2.0	 10.0	  10.0	      -0.1081	        -0.1173	         0.0092	         0.5073	        1.3247	       0.8420
2.0	 12.0	  12.0	      -0.0615	        -0.0624	         0.0009	         0.0465	        1.1816	       0.0719
2.0	 14.0	  14.0	      -0.0970	        -0.1017	         0.0047	         0.3229	        1.7826	       0.6600
3.0	 1.0	  2.0	      -0.1530	        -0.1565	         0.0034	         0.1360	        0.6447	       0.1619
3.0	 1.0	  5.0	       0.1272	         0.1259	         0.0013	         0.0447	        0.3784	       0.0478
3.0	 3.0	  2.0	       0.0728	         0.0584	         0.0144	         0.5195	        0.4212	       0.5637
3.0	 5.0	  2.0	      -0.0619	        -0.0748	         0.0129	         0.4649	        0.4059	       0.5017
3.0	 4.0	  3.0	      -0.1475	        -0.1412	        -0.0063	         0.2336	        0.4904	       0.2602
3.0	 4.0	  5.0	       0.2003	         0.2033	        -0.0029	         0.1614	        1.3034	       0.2652
3.0	 9.0	  4.0	      -0.0035	        -0.0061	         0.0026	         0.0900	        0.3009	       0.0940
3.0	 6.0	  5.0	      -0.1588	        -0.1514	        -0.0074	         0.3800	        1.1654	       0.5836
3.0	 6.0	  11.0	       0.0205	         0.0139	         0.0065	         0.3483	        1.2471	       0.5568
3.0	 6.0	  12.0	       0.0232	         0.0214	         0.0019	         0.0684	        0.4602	       0.0753
3.0	 12.0	  6.0	      -0.0053	        -0.0200	         0.0146	         0.5358	        0.4543	       0.5884
3.0	 7.0	  8.0	      -0.1684	        -0.1611	        -0.0073	         0.2886	        0.6310	       0.3413
3.0	 8.0	  7.0	       0.1750	         0.1654	         0.0095	         0.3836	        0.6796	       0.4638
3.0	 9.0	  7.0	      -0.0754	        -0.0873	         0.0119	         0.4995	        0.7689	       0.6301
3.0	 10.0	  9.0	      -0.0648	        -0.0704	         0.0056	         0.2412	        0.8270	       0.3130
3.0	 10.0	  11.0	       0.0055	         0.0117	        -0.0062	         0.2799	        0.9009	       0.3767
3.0	 12.0	  13.0	       0.0083	         0.0137	        -0.0054	         0.2151	        0.6370	       0.2550
3.0	 14.0	  13.0	       0.0156	         0.0066	         0.0090	         0.3565	        0.6462	       0.4244
4.0	 1.0	  1.0	      -0.0278	        -0.0305	         0.0028	         0.1488	        1.2710	       0.2406
4.0	 2.0	  2.0	       0.3393	         0.3319	         0.0074	         0.5592	        2.0312	       1.2661
4.0	 3.0	  3.0	       0.1870	         0.1914	        -0.0044	         0.2356	        1.2594	       0.3788
4.0	 4.0	  4.0	       0.0528	         0.0486	         0.0042	         0.3058	        1.9335	       0.6656
4.0	 6.0	  6.0	      -0.0418	        -0.0439	         0.0021	         0.2205	        3.0411	       0.7058
4.0	 7.0	  7.0	       0.0124	         0.0033	         0.0091	         0.5837	        1.6514	       1.1269
4.0	 8.0	  8.0	       0.1576	         0.1654	        -0.0079	         0.3167	        0.6796	       0.3830
4.0	 9.0	  9.0	      -0.1697	        -0.1699	         0.0001	         0.0094	        1.6542	       0.0182
4.0	 10.0	  10.0	      -0.0606	        -0.0587	        -0.0020	         0.1080	        1.3168	       0.1786
4.0	 12.0	  12.0	      -0.0092	        -0.0062	        -0.0030	         0.1524	        1.1830	       0.2361
4.0	 14.0	  14.0	      -0.0433	        -0.0395	        -0.0038	         0.2557	        1.7574	       0.5170
5.0	 1.0	  1.0	       1.0517	         1.0510	         0.0007	         0.3245	        4.4604	       1.4834



===================================
|||||   RESULTADOS V ESTADO   |||||
===================================

Bus i		V [p.u.]	delta [º]

1.0	       1.0510	        0.0000
2.0	       1.0407	       -3.3693
3.0	       1.0103	      -11.7550
4.0	       0.9929	      -10.3451
5.0	       0.9913	       -8.9623
6.0	       1.0191	      -15.5659
7.0	       1.0251	      -14.5590
8.0	       1.0528	      -14.5334
9.0	       1.0149	      -16.7844
10.0	       1.0059	      -17.1201
11.0	       1.0053	      -16.8481
12.0	       1.0051	      -16.4616
13.0	       1.0002	      -16.3998
14.0	       0.9949	      -17.3412
