========================================
|||||   DADOS BÁSICOS DE ENTRADA   |||||
========================================

	Data:17-Jun-2017 16:39:10

	Nome do sistema:IEEE_14_busbar_ex1.xlsx
	Método Usado:MQP
	Potência base=1MW	Tensão Base=1kV
	Barras=14	
	Numero de Linhas:20

	Numero de Medidas:61

	ITERAÇÕES =200


	VALOR FUNÇÃO OBJETIVO J(x) =8853395297557828100000


===================================
|||||   RESULTADOS RESÍDUOS   |||||
===================================

Tipo	Bus i	Bus j		Medida [pu]	Estimada [pu]	Resíduo [pu] 	Resíduo N [pu] 	  UI    	  b^  

1.0	 1.0	  2.0	       1.5899	        -0.1346	         1.7246	       165.0001	        0.0458	     165.1734
1.0	 1.0	  5.0	       0.7559	         0.0064	         0.7495	       149.5472	        0.0967	     150.2444
1.0	 3.0	  2.0	      -0.7175	        -0.0410	        -0.6766	       143.0360	        0.0356	     143.1269
1.0	 5.0	  2.0	      -0.4057	         0.0234	        -0.4290	       173.7456	        0.4491	     190.4635
1.0	 4.0	  3.0	       0.2376	        -0.0061	         0.2438	       156.9380	        0.1962	     159.9309
1.0	 4.0	  5.0	      -0.6075	         0.0273	        -0.6349	       164.3462	        0.3366	     173.4079
1.0	 9.0	  4.0	      -0.1627	        -0.0011	        -0.1616	       150.8098	        0.0660	     151.1380
1.0	 6.0	  5.0	      -0.4401	         0.0001	        -0.4402	       149.7120	        0.0016	     149.7122
1.0	 6.0	  11.0	       0.0734	   -472635.7268	    472635.8002	   2990071767.7718	        2.9476	 9306828540.7710
1.0	 6.0	  12.0	       0.0790	         0.0000	         0.0789	       152.1168	        0.0000	     152.1168
1.0	 12.0	  6.0	      -0.0767	         0.0000	        -0.0767	       149.2123	        0.0000	     149.2123
1.0	 6.0	  13.0	       0.1784	   -282068.1229	    282068.3013	   272688502.2018	        0.5549	 311863188.2990
1.0	 7.0	  8.0	       0.0001	         0.0077	        -0.0076	       185.7351	        0.7033	     227.0738
1.0	 8.0	  7.0	      -0.0001	        -0.0077	         0.0076	       185.6015	        0.7033	     226.9028
1.0	 9.0	  7.0	      -0.2821	        -0.0044	        -0.2777	       148.6705	        0.0816	     149.1643
1.0	 10.0	  9.0	      -0.0517	         0.0005	        -0.0522	       167.2045	        0.4782	     185.3387
1.0	 10.0	  11.0	      -0.0382	   -2907615.9747	   2907615.9365	   2631648668.8663	        0.0000	 602614114.6222
1.0	 12.0	  13.0	       0.0161	      5348.3886	     -5348.3725	   197974598.0621	        3.8324	 784117360.8068
1.0	 14.0	  13.0	      -0.0554	   -583567.9345	    583567.8791	   1784936558.3544	        0.5492	 2036399688.0848
2.0	 1.0	  1.0	       2.3384	        -0.1282	         2.4666	       159.2634	        0.0370	     159.3722
2.0	 2.0	  2.0	       0.1833	         0.2706	        -0.0873	       187.5615	        2.4251	     492.0005
2.0	 3.0	  3.0	      -0.9545	        -0.0098	        -0.9447	       150.3122	        0.0451	     150.4650
2.0	 4.0	  4.0	      -0.4769	         0.0336	        -0.5105	       171.2964	        0.3656	     182.3882
2.0	 6.0	  6.0	      -0.1124	   -754703.8496	    754703.7372	   2747317381.6450	        2.5248	 7460707172.5552
2.0	 7.0	  7.0	      -0.0002	         0.0108	        -0.0110	      1757.6403	        7.9317	   14051.3729
2.0	 8.0	  8.0	      -0.0001	        -0.0077	         0.0076	       185.6015	        0.7033	     226.9028
2.0	 9.0	  9.0	      -0.2977	        -0.0045	        -0.2932	       149.4291	        0.1202	     150.5048
2.0	 10.0	  10.0	      -0.0901	   -2907615.9743	   2907615.8841	         0.0000	        0.0000	 255626813.9828
2.0	 12.0	  12.0	      -0.0609	      5348.3886	     -5348.4495	   13587868.9757	        0.2630	 14049769.8708
2.0	 14.0	  14.0	      -0.1474	   -583567.9339	    583567.7865	   466121491.0585	        0.0000	 368961115.0782
3.0	 1.0	  2.0	      -0.2038	         0.1211	        -0.3250	       310.3138	        0.8241	     402.1071
3.0	 1.0	  5.0	       0.0388	         0.0653	        -0.0266	       622.3512	        5.9827	    3774.9729
3.0	 3.0	  2.0	       0.0160	         0.0265	        -0.0104	      3207.2991	       32.8435	  105387.6597
3.0	 5.0	  2.0	      -0.0214	        -0.0000	        -0.0214	      2146.2292	       14.2277	   30611.3156
3.0	 4.0	  3.0	      -0.0486	         0.0173	        -0.0658	       454.7734	        1.9954	    1015.0233
3.0	 4.0	  5.0	       0.1584	         0.0084	         0.1500	       150.5433	        0.3521	     159.6017
3.0	 9.0	  4.0	       0.0172	         0.0012	         0.0160	       198.7950	        1.0086	     282.3533
3.0	 6.0	  5.0	      -0.0818	        -0.0002	        -0.0816	       150.6123	        0.0147	     150.6286
3.0	 6.0	  11.0	       0.0353	   -436566.9866	    436567.0218	   5602956972.3567	        2.8590	 16970539601.3557
3.0	 6.0	  12.0	       0.0251	         0.0000	         0.0251	       149.3696	        0.0001	     149.3696
3.0	 12.0	  6.0	      -0.0239	         0.0000	        -0.0239	       151.0275	        0.0000	     151.0275
3.0	 6.0	  13.0	       0.0718	    193770.1377	   -193770.0659	         0.0000	        0.0000	 545642291.2225
3.0	 7.0	  8.0	      -0.1710	        -0.0136	        -0.1573	       200.6635	        1.0624	     292.7620
3.0	 8.0	  7.0	       0.1745	         0.1053	         0.0692	        82.9709	        0.9924	     116.8911
3.0	 9.0	  7.0	      -0.0497	         0.0040	        -0.0538	       186.1973	        0.5884	     216.0404
3.0	 10.0	  9.0	      -0.0420	        -0.0012	        -0.0408	       153.7640	        0.3244	     161.6512
3.0	 10.0	  11.0	      -0.0159	   -1330963.6486	   1330963.6327	   1175580411.4560	        0.0000	 110063763.2828
3.0	 12.0	  13.0	       0.0075	     -6067.9768	      6067.9843	   290453855.7679	        2.1744	 695152109.5910
3.0	 14.0	  13.0	      -0.0160	   -280947.9594	    280947.9434	   1249629906.0408	        0.0000	 594731224.9846
4.0	 1.0	  1.0	      -0.1660	         0.1865	        -0.3525	       510.7789	        1.2374	     812.6287
4.0	 2.0	  2.0	       0.3087	         0.2344	         0.0743	        83.7140	        2.0892	     193.9004
4.0	 3.0	  3.0	       0.0614	         0.0728	        -0.0114	       251.7869	        8.9093	    2257.3223
4.0	 4.0	  4.0	       0.0391	         0.0503	        -0.0111	       266.1891	        6.2115	    1674.7218
4.0	 6.0	  6.0	       0.0513	   -242796.8491	    242796.9003	   553041583.9679	        0.0000	 433342096.4308
4.0	 7.0	  7.0	       0.0002	        -0.0105	         0.0106	      3074.3242	       14.4024	   44384.1646
4.0	 8.0	  8.0	       0.1766	         0.1053	         0.0713	        85.5211	        0.9924	     120.4839
4.0	 9.0	  9.0	      -0.1665	         0.0114	        -0.1780	       198.3045	        0.7299	     245.5081
4.0	 10.0	  10.0	      -0.0575	   -1330963.6498	   1330963.5922	         0.0000	        0.0000	 31243445.4226
4.0	 12.0	  12.0	      -0.0162	     -6067.9768	      6067.9606	   61876768.7842	        0.4614	 68145354.2468
4.0	 14.0	  14.0	      -0.0498	   -280947.9592	    280947.9094	         0.0000	        0.0000	 234012534.2448
5.0	 1.0	  1.0	       1.0612	         0.1090	         0.9522	       135.4104	        0.1027	     136.1227



===================================
|||||   RESULTADOS V ESTADO   |||||
===================================

Bus i		V [p.u.]	delta [º]

1.0	       0.1090	        0.0000
2.0	      -0.1159	     -125.1720
3.0	       0.0917	       -7.0165
4.0	       0.0300	     -133.6873
5.0	       0.0351	      146.2451
6.0	      -0.0014	      -10.5459
7.0	      -0.0217	       21.4892
8.0	       0.1464	      176.2759
9.0	      -0.0226	      -60.9212
10.0	       0.0068	      148.9277
11.0	 -98307289.9750	       11.2001
12.0	      -0.0001	      176.2763
13.0	 -34658830.1802	       87.0206
14.0	      -0.0072	       48.8862
