========================================
|||||   DADOS BÁSICOS DE ENTRADA   |||||
========================================

	Data:03-Jul-2017 09:36:55

	Nome do sistema:IEEE_14_busbar_prova_london.xlsx
	Método Usado:MQP
	Potência base=1MW	Tensão Base=1kV
	Barras=14	
	Numero de Linhas:20

	Numero de Medidas:61

	ITERAÇÕES =4


	VALOR FUNÇÃO OBJETIVO J(x) =196.9086


===================================
|||||   RESULTADOS RESÍDUOS   |||||
===================================

Tipo	Bus i	Bus j		Medida [pu]	Estimada [pu]	Resíduo [pu] 	Resíduo N [pu] 	  UI    	  b^  

1.0	 1.0	  2.0	       1.0466	         1.0458	         0.0008	         0.0303	        0.6471	       0.0360
1.0	 1.0	  5.0	       0.7606	         0.7653	        -0.0046	         0.1649	        0.3694	       0.1758
1.0	 3.0	  2.0	      -0.7637	        -0.7552	        -0.0086	         0.3065	        0.3946	       0.3295
1.0	 5.0	  2.0	      -0.5997	        -0.5976	        -0.0021	         0.0762	        0.3714	       0.0813
1.0	 4.0	  3.0	       0.1038	         0.0844	         0.0194	         0.7330	        0.5325	       0.8304
1.0	 4.0	  5.0	      -0.4941	        -0.5221	         0.0279	         1.5031	        1.2661	       2.4251
1.0	 9.0	  4.0	      -0.2151	        -0.2279	         0.0128	         0.4452	        0.2873	       0.4632
1.0	 6.0	  5.0	      -0.4928	        -0.5807	         0.0879	         4.1270	        0.9915	       5.8116
1.0	 6.0	  11.0	       0.1165	         0.0151	         0.1014	         4.8630	        1.0351	       6.9990
1.0	 6.0	  12.0	       0.0749	         0.1165	        -0.0415	         1.5132	        0.4429	       1.6549
1.0	 12.0	  6.0	      -0.0717	        -0.1144	         0.0427	         1.5493	        0.4277	       1.6851
1.0	 6.0	  13.0	       0.6111	         0.4122	         0.1989	        10.0973	        1.1485	      15.3765
1.0	 7.0	  8.0	      -0.0062	        -0.0030	        -0.0032	         0.1283	        0.6592	       0.1537
1.0	 8.0	  7.0	       0.0071	         0.0030	         0.0041	         0.1646	        0.6592	       0.1972
1.0	 9.0	  7.0	      -0.3747	        -0.3997	         0.0250	         1.0428	        0.7553	       1.3068
1.0	 10.0	  9.0	      -0.1081	        -0.0779	        -0.0303	         1.3128	        0.8317	       1.7076
1.0	 10.0	  11.0	      -0.0249	        -0.0320	         0.0071	         0.3217	        0.9162	       0.4363
1.0	 12.0	  13.0	       0.0079	         0.1218	        -0.1139	         4.2479	        0.5025	       4.7541
1.0	 14.0	  13.0	      -0.0543	         0.0302	        -0.0845	         3.2366	        0.5655	       3.7184
2.0	 1.0	  1.0	       1.8059	         1.8110	        -0.0051	         0.2716	        1.2479	       0.4344
2.0	 2.0	  2.0	       1.1107	         1.1178	        -0.0071	         0.5222	        1.9719	       1.1545
2.0	 3.0	  3.0	      -0.8374	        -0.8377	         0.0004	         0.0198	        1.2004	       0.0310
2.0	 4.0	  4.0	      -0.5468	        -0.5268	        -0.0200	         1.4197	        1.8786	       3.0213
2.0	 6.0	  6.0	      -0.1482	        -0.0369	        -0.1113	         7.7501	        1.8347	      16.1942
2.0	 7.0	  7.0	      -0.0079	        -0.0005	        -0.0073	         0.4670	        1.6289	       0.8926
2.0	 8.0	  8.0	      -0.0117	         0.0030	        -0.0147	         0.5856	        0.6592	       0.7014
2.0	 9.0	  9.0	      -0.4203	        -0.3957	        -0.0246	         1.5920	        1.6681	       3.0963
2.0	 10.0	  10.0	      -0.1081	        -0.1099	         0.0018	         0.0987	        1.3249	       0.1639
2.0	 12.0	  12.0	      -0.0615	         0.0073	        -0.0689	         3.4223	        1.1057	       5.1019
2.0	 14.0	  14.0	      -0.0970	        -0.1186	         0.0216	         1.4567	        1.7562	       2.9439
3.0	 1.0	  2.0	      -0.1530	        -0.1557	         0.0027	         0.1053	        0.6448	       0.1253
3.0	 1.0	  5.0	       0.1272	         0.1268	         0.0004	         0.0142	        0.3785	       0.0152
3.0	 3.0	  2.0	       0.0728	         0.0587	         0.0141	         0.5084	        0.4212	       0.5517
3.0	 5.0	  2.0	      -0.0619	        -0.0762	         0.0143	         0.5133	        0.4058	       0.5539
3.0	 4.0	  3.0	      -0.1475	        -0.1470	        -0.0005	         0.0172	        0.4900	       0.0192
3.0	 4.0	  5.0	       0.2003	         0.1850	         0.0153	         0.8408	        1.3083	       1.3845
3.0	 9.0	  4.0	      -0.0035	        -0.0177	         0.0142	         0.4936	        0.2965	       0.5149
3.0	 6.0	  5.0	      -0.1588	        -0.2389	         0.0801	         3.6932	        0.9553	       5.1074
3.0	 6.0	  11.0	       0.0205	        -0.0686	         0.0891	         4.2228	        1.0115	       6.0063
3.0	 6.0	  12.0	       0.0232	         0.0515	        -0.0282	         1.0269	        0.4382	       1.1212
3.0	 12.0	  6.0	      -0.0053	        -0.0473	         0.0420	         1.5195	        0.4250	       1.6511
3.0	 6.0	  13.0	       0.5087	         0.3194	         0.1893	         9.5975	        1.1465	      14.6011
3.0	 7.0	  8.0	      -0.1684	        -0.1619	        -0.0065	         0.2571	        0.6307	       0.3040
3.0	 8.0	  7.0	       0.1750	         0.1663	         0.0086	         0.3485	        0.6799	       0.4214
3.0	 9.0	  7.0	      -0.0754	        -0.1096	         0.0342	         1.4301	        0.7588	       1.7953
3.0	 10.0	  9.0	      -0.0648	        -0.0422	        -0.0226	         0.9752	        0.8219	       1.2624
3.0	 10.0	  11.0	       0.0055	        -0.0142	         0.0196	         0.8795	        0.8970	       1.1815
3.0	 12.0	  13.0	       0.0083	         0.0657	        -0.0574	         2.1327	        0.4909	       2.3757
3.0	 14.0	  13.0	       0.0156	         0.0627	        -0.0471	         1.8093	        0.5721	       2.0845
4.0	 1.0	  1.0	      -0.0278	        -0.0289	         0.0011	         0.0609	        1.2716	       0.0984
4.0	 2.0	  2.0	       0.3393	         0.3363	         0.0030	         0.2276	        2.0351	       0.5160
4.0	 3.0	  3.0	       0.1870	         0.1975	        -0.0105	         0.5645	        1.2621	       0.9090
4.0	 4.0	  4.0	       0.0528	         0.0625	        -0.0097	         0.7070	        1.9411	       1.5437
4.0	 6.0	  6.0	      -0.0418	         0.0633	        -0.1051	         7.2579	        1.8133	      15.0292
4.0	 7.0	  7.0	       0.0124	         0.0059	         0.0064	         0.4143	        1.6517	       0.7999
4.0	 8.0	  8.0	       0.1576	         0.1663	        -0.0087	         0.3519	        0.6799	       0.4255
4.0	 9.0	  9.0	      -0.1697	        -0.1499	        -0.0198	         1.2729	        1.6450	       2.4504
4.0	 10.0	  10.0	      -0.0606	        -0.0564	        -0.0043	         0.2349	        1.3185	       0.3887
4.0	 12.0	  12.0	      -0.0092	         0.0184	        -0.0276	         1.3679	        1.0985	       2.0320
4.0	 14.0	  14.0	      -0.0433	        -0.0546	         0.0113	         0.7436	        1.7072	       1.4713
5.0	 1.0	  1.0	       1.0517	         1.0538	        -0.0021	         0.9303	        4.2986	       4.1060



===================================
|||||   RESULTADOS V ESTADO   |||||
===================================

Bus i		V [p.u.]	delta [º]

1.0	       1.0538	        0.0000
2.0	       1.0435	       -3.3538
3.0	       1.0133	      -11.6914
4.0	       0.9945	      -10.3345
5.0	       0.9940	       -8.9169
6.0	       0.9959	      -16.8368
7.0	       1.0217	      -14.9212
8.0	       1.0496	      -14.8933
9.0	       1.0088	      -17.3662
10.0	       1.0028	      -17.6628
11.0	       1.0082	      -17.3803
12.0	       0.9685	      -18.2309
13.0	       0.9273	      -18.8576
14.0	       0.9555	      -18.8712
