========================================
|||||   DADOS BÁSICOS DE ENTRADA   |||||
========================================

	Data:03-Jul-2017 08:13:55

	Nome do sistema:IEEE_14_busbar_ex1_dados_london2a.xlsx
	Método Usado:MQP
	Potência base=1MW	Tensão Base=1kV
	Barras=14	
	Numero de Linhas:20

	Numero de Medidas:60

	ITERAÇÕES =4


	VALOR FUNÇÃO OBJETIVO J(x) =336.7014


===================================
|||||   RESULTADOS RESÍDUOS   |||||
===================================

Tipo	Bus i	Bus j		Medida [pu]	Estimada [pu]	Resíduo [pu] 	Resíduo N [pu] 	  UI    	  b^  

1.0	 1.0	  2.0	       1.5899	         1.5711	         0.0188	         1.8694	        0.2827	       1.9426
1.0	 1.0	  5.0	       0.7559	         0.7557	         0.0002	         0.0441	        0.3059	       0.0461
1.0	 3.0	  2.0	      -0.7175	        -0.7110	        -0.0065	         1.4293	        0.2763	       1.4828
1.0	 5.0	  2.0	      -0.4057	        -0.4062	         0.0005	         0.2045	        0.3963	       0.2200
1.0	 4.0	  3.0	       0.2376	         0.2385	        -0.0009	         0.9749	        1.4255	       1.6975
1.0	 4.0	  5.0	      -0.6075	        -0.6123	         0.0047	         1.4009	        0.6808	       1.6947
1.0	 9.0	  4.0	      -0.1627	        -0.1617	        -0.0011	         1.0739	        0.3696	       1.1449
1.0	 6.0	  5.0	      -0.4401	        -0.4424	         0.0023	         0.8193	        0.3131	       0.8585
1.0	 6.0	  11.0	       0.0734	         0.0735	        -0.0001	         0.4192	        1.5361	       0.7684
1.0	 6.0	  12.0	       0.0790	         0.0783	         0.0007	         1.5238	        0.5572	       1.7444
1.0	 6.0	  13.0	       0.1784	         0.1784	        -0.0000	         0.0283	        0.5023	       0.0316
1.0	 7.0	  8.0	       0.0001	         0.0001	        -0.0000	         0.0004	        0.7070	       0.0005
1.0	 8.0	  7.0	      -0.0001	        -0.0001	         0.0000	         0.0004	        0.7070	       0.0005
1.0	 9.0	  7.0	      -0.2821	        -0.2821	        -0.0000	         0.0085	        0.3700	       0.0090
1.0	 10.0	  9.0	      -0.0517	        -0.0517	         0.0000	         0.0116	        1.6924	       0.0229
1.0	 10.0	  11.0	      -0.0382	        -0.0383	         0.0001	         0.7170	        2.3303	       1.8183
1.0	 12.0	  13.0	       0.0161	         0.0162	        -0.0001	         3.1316	        2.5226	       8.4979
1.0	 14.0	  13.0	      -0.0554	        -0.0553	        -0.0001	         0.3079	        1.2780	       0.4996
2.0	 1.0	  1.0	       2.3384	         2.3268	         0.0116	         0.7750	        0.2845	       0.8057
2.0	 2.0	  2.0	       0.1833	         0.1832	         0.0001	         0.5735	        7.9823	       4.6134
2.0	 3.0	  3.0	      -0.9545	        -0.9457	        -0.0087	         1.4973	        0.4071	       1.6166
2.0	 4.0	  4.0	      -0.4769	        -0.4745	        -0.0024	         1.4285	        1.5742	       2.6641
2.0	 6.0	  6.0	      -0.1124	        -0.1122	        -0.0002	         0.7215	        2.3355	       1.8331
2.0	 7.0	  7.0	      -0.0002	        -0.0002	         0.0000	         0.0462	       49.7169	       2.2955
2.0	 8.0	  8.0	      -0.0001	        -0.0001	         0.0000	         0.0004	        0.7070	       0.0005
2.0	 9.0	  9.0	      -0.2977	        -0.2983	         0.0007	         0.4042	        0.7120	       0.4961
2.0	 10.0	  10.0	      -0.0901	        -0.0900	        -0.0001	         0.1889	        0.7102	       0.2317
2.0	 12.0	  12.0	      -0.0609	        -0.0613	         0.0004	         1.3896	        0.8605	       1.8333
2.0	 14.0	  14.0	      -0.1474	        -0.1477	         0.0003	         0.4712	        0.9438	       0.6479
3.0	 1.0	  2.0	      -0.2038	        -0.2045	         0.0007	         0.5874	        0.5718	       0.6767
3.0	 1.0	  5.0	       0.0388	         0.0389	        -0.0001	         1.0009	        1.6893	       1.9649
3.0	 3.0	  2.0	       0.0160	         0.0161	        -0.0000	         0.3929	        1.8498	       0.8261
3.0	 5.0	  2.0	      -0.0214	        -0.0214	        -0.0000	         0.7379	        2.5351	       2.0109
3.0	 4.0	  3.0	      -0.0486	        -0.0486	         0.0001	         0.2812	        0.5148	       0.3163
3.0	 4.0	  5.0	       0.1584	         0.1583	         0.0001	         0.1295	        0.4654	       0.1428
3.0	 9.0	  4.0	       0.0172	         0.0172	        -0.0001	         1.3420	        1.5486	       2.4738
3.0	 6.0	  5.0	      -0.0818	        -0.0806	        -0.0011	         2.5518	        0.6727	       3.0755
3.0	 6.0	  11.0	       0.0353	         0.0355	        -0.0003	         1.8448	        1.3276	       3.0662
3.0	 6.0	  12.0	       0.0251	         0.0245	         0.0006	         3.6736	        0.4655	       4.0521
3.0	 12.0	  6.0	      -0.0205	        -0.0230	         0.0025	        17.8117	        0.4984	      19.9011
3.0	 6.0	  13.0	       0.0718	         0.0711	         0.0007	         1.4849	        0.4011	       1.5999
3.0	 7.0	  8.0	      -0.1710	        -0.1711	         0.0001	         0.1400	        0.4059	       0.1511
3.0	 8.0	  7.0	       0.1745	         0.1757	        -0.0012	         1.0775	        0.4155	       1.1668
3.0	 9.0	  7.0	      -0.0497	        -0.0497	        -0.0000	         0.0133	        1.3736	       0.0226
3.0	 10.0	  9.0	      -0.0420	        -0.0419	        -0.0001	         0.5064	        1.2418	       0.8074
3.0	 10.0	  11.0	      -0.0159	        -0.0159	        -0.0000	         1.1764	        3.1020	       3.8341
3.0	 12.0	  13.0	       0.0075	         0.0075	         0.0001	         3.0132	        1.9521	       6.6091
3.0	 14.0	  13.0	      -0.0160	        -0.0161	         0.0001	         2.5721	        1.5965	       4.8454
4.0	 1.0	  1.0	      -0.1660	        -0.1656	        -0.0004	         0.5095	        0.9183	       0.6918
4.0	 2.0	  2.0	       0.3087	         0.3111	        -0.0024	         1.5372	        0.8907	       2.0585
4.0	 3.0	  3.0	       0.0614	         0.0612	         0.0001	         0.3083	        0.5585	       0.3531
4.0	 4.0	  4.0	       0.0391	         0.0392	        -0.0000	         0.6143	        4.6304	       2.9098
4.0	 6.0	  6.0	       0.0513	         0.0505	         0.0008	         4.3927	        1.6936	       8.6397
4.0	 7.0	  7.0	       0.0002	         0.0002	        -0.0000	         0.2374	       17.2597	       4.1042
4.0	 8.0	  8.0	       0.1766	         0.1757	         0.0010	         0.8828	        0.4155	       0.9559
4.0	 9.0	  9.0	      -0.1665	        -0.1663	        -0.0002	         0.2086	        0.6357	       0.2472
4.0	 10.0	  10.0	      -0.0575	        -0.0578	         0.0003	         0.8170	        0.7459	       1.0192
4.0	 12.0	  12.0	      -0.0162	        -0.0156	        -0.0006	         7.8710	        1.0287	      11.2920
4.0	 14.0	  14.0	      -0.0498	        -0.0492	        -0.0006	         2.5517	        0.9309	       3.4862
5.0	 1.0	  1.0	       1.0612	         1.0596	         0.0015	         0.2212	        0.1681	       0.2243



===================================
|||||   RESULTADOS V ESTADO   |||||
===================================

Bus i		V [p.u.]	delta [º]

1.0	       1.0596	        0.0000
2.0	       1.0446	       -4.9937
3.0	       1.0095	      -12.7635
4.0	       1.0172	      -10.3293
5.0	       1.0191	       -8.7873
6.0	       1.0694	      -14.2585
7.0	       1.0610	      -13.3965
8.0	       1.0894	      -13.3971
9.0	       1.0554	      -14.9846
10.0	       1.0504	      -15.1417
11.0	       1.0563	      -14.8292
12.0	       1.0547	      -15.1223
13.0	       1.0499	      -15.2047
14.0	       1.0352	      -16.0744
