========================================
|||||   DADOS BÁSICOS DE ENTRADA   |||||
========================================

	Data:29-Jun-2017 22:47:43

	Nome do sistema:IEEE_14_busbar_ex1_dados_london2.xlsx
	Método Usado:MQP
	Potência base=1MW	Tensão Base=1kV
	Barras=14	
	Numero de Linhas:20

	Numero de Medidas:61

	ITERAÇÕES =4


	VALOR FUNÇÃO OBJETIVO J(x) =684.8797


===================================
|||||   RESULTADOS RESÍDUOS   |||||
===================================

Tipo	Bus i	Bus j		Medida [pu]	Estimada [pu]	Resíduo [pu] 	Resíduo N [pu] 	  UI    	  b^  

1.0	 1.0	  2.0	       1.5899	         1.5707	         0.0192	         1.9088	        0.2827	       1.9836
1.0	 1.0	  5.0	       0.7559	         0.7559	        -0.0000	         0.0052	        0.3059	       0.0054
1.0	 3.0	  2.0	      -0.7175	        -0.7107	        -0.0068	         1.5004	        0.2763	       1.5567
1.0	 5.0	  2.0	      -0.4057	        -0.4066	         0.0009	         0.3715	        0.3963	       0.3996
1.0	 4.0	  3.0	       0.2376	         0.2386	        -0.0009	         1.0435	        1.4256	       1.8170
1.0	 4.0	  5.0	      -0.6075	        -0.6087	         0.0011	         0.3353	        0.6773	       0.4050
1.0	 9.0	  4.0	      -0.1627	        -0.1603	        -0.0024	         2.4031	        0.3617	       2.5555
1.0	 6.0	  5.0	      -0.4401	        -0.4381	        -0.0020	         0.7204	        0.3010	       0.7524
1.0	 6.0	  11.0	       0.0734	         0.0741	        -0.0007	         2.5847	        1.5211	       4.7052
1.0	 6.0	  12.0	       0.0790	         0.0762	         0.0027	         5.8823	        0.4875	       6.5441
1.0	 12.0	  6.0	      -0.0669	        -0.0755	         0.0086	        18.6572	        0.4832	      20.7211
1.0	 6.0	  13.0	       0.1784	         0.1744	         0.0040	         3.6925	        0.4501	       4.0493
1.0	 7.0	  8.0	       0.0001	         0.0001	         0.0000	         0.0147	        0.7070	       0.0180
1.0	 8.0	  7.0	      -0.0001	        -0.0001	        -0.0000	         0.0147	        0.7070	       0.0180
1.0	 9.0	  7.0	      -0.2821	        -0.2797	        -0.0024	         1.3421	        0.3621	       1.4273
1.0	 10.0	  9.0	      -0.0517	        -0.0517	        -0.0001	         0.3464	        1.6919	       0.6807
1.0	 10.0	  11.0	      -0.0382	        -0.0383	         0.0001	         1.0082	        2.3297	       2.5562
1.0	 12.0	  13.0	       0.0161	         0.0162	        -0.0001	         2.6906	        2.5225	       7.3009
1.0	 14.0	  13.0	      -0.0554	        -0.0557	         0.0003	         1.3921	        1.2694	       2.2496
2.0	 1.0	  1.0	       2.3384	         2.3267	         0.0117	         0.7857	        0.2846	       0.8169
2.0	 2.0	  2.0	       0.1833	         0.1832	         0.0001	         0.6211	        7.9824	       4.9963
2.0	 3.0	  3.0	      -0.9545	        -0.9455	        -0.0090	         1.5423	        0.4071	       1.6652
2.0	 4.0	  4.0	      -0.4769	        -0.4741	        -0.0028	         1.6439	        1.5739	       3.0653
2.0	 6.0	  6.0	      -0.1124	        -0.1133	         0.0009	         3.1388	        2.2763	       7.8040
2.0	 7.0	  7.0	      -0.0002	        -0.0002	        -0.0000	         1.7848	       49.4864	      88.3417
2.0	 8.0	  8.0	      -0.0001	        -0.0001	        -0.0000	         0.0147	        0.7070	       0.0180
2.0	 9.0	  9.0	      -0.2977	        -0.2966	        -0.0011	         0.6785	        0.7085	       0.8316
2.0	 10.0	  10.0	      -0.0901	        -0.0900	        -0.0001	         0.2583	        0.7102	       0.3168
2.0	 12.0	  12.0	      -0.0609	        -0.0593	        -0.0016	         4.8159	        0.7442	       6.0031
2.0	 14.0	  14.0	      -0.1474	        -0.1463	        -0.0011	         1.5380	        0.9324	       2.1028
3.0	 1.0	  2.0	      -0.2038	        -0.2046	         0.0008	         0.6841	        0.5717	       0.7880
3.0	 1.0	  5.0	       0.0388	         0.0389	        -0.0002	         1.1599	        1.6895	       2.2773
3.0	 3.0	  2.0	       0.0160	         0.0161	        -0.0000	         0.4642	        1.8498	       0.9761
3.0	 5.0	  2.0	      -0.0214	        -0.0214	        -0.0000	         0.8809	        2.5354	       2.4009
3.0	 4.0	  3.0	      -0.0486	        -0.0486	         0.0000	         0.1533	        0.5148	       0.1724
3.0	 4.0	  5.0	       0.1584	         0.1587	        -0.0003	         0.3002	        0.4638	       0.3309
3.0	 9.0	  4.0	       0.0172	         0.0172	        -0.0001	         0.8758	        1.5483	       1.6142
3.0	 6.0	  5.0	      -0.0818	        -0.0805	        -0.0013	         2.8903	        0.6726	       3.4832
3.0	 6.0	  11.0	       0.0353	         0.0355	        -0.0002	         1.4936	        1.3268	       2.4815
3.0	 6.0	  12.0	       0.0251	         0.0245	         0.0006	         4.0247	        0.4650	       4.4385
3.0	 12.0	  6.0	      -0.0205	        -0.0231	         0.0025	        17.9434	        0.4982	      20.0466
3.0	 6.0	  13.0	       0.0718	         0.0710	         0.0007	         1.6118	        0.4011	       1.7366
3.0	 7.0	  8.0	      -0.1710	        -0.1710	         0.0001	         0.0782	        0.4059	       0.0844
3.0	 8.0	  7.0	       0.1745	         0.1756	        -0.0011	         1.0116	        0.4155	       1.0954
3.0	 9.0	  7.0	      -0.0497	        -0.0497	        -0.0000	         0.0612	        1.3737	       0.1039
3.0	 10.0	  9.0	      -0.0420	        -0.0419	        -0.0001	         0.3346	        1.2418	       0.5334
3.0	 10.0	  11.0	      -0.0159	        -0.0159	        -0.0000	         1.5358	        3.1012	       5.0044
3.0	 12.0	  13.0	       0.0075	         0.0075	         0.0001	         3.2095	        1.9517	       7.0383
3.0	 14.0	  13.0	      -0.0160	        -0.0161	         0.0001	         2.4293	        1.5969	       4.5771
4.0	 1.0	  1.0	      -0.1660	        -0.1657	        -0.0003	         0.3946	        0.9183	       0.5357
4.0	 2.0	  2.0	       0.3087	         0.3108	        -0.0020	         1.3343	        0.8903	       1.7865
4.0	 3.0	  3.0	       0.0614	         0.0612	         0.0001	         0.4205	        0.5585	       0.4816
4.0	 4.0	  4.0	       0.0391	         0.0391	        -0.0000	         0.0351	        4.6278	       0.1662
4.0	 6.0	  6.0	       0.0513	         0.0505	         0.0008	         4.4368	        1.6931	       8.7243
4.0	 7.0	  7.0	       0.0002	         0.0002	        -0.0000	         0.0998	       17.2601	       1.7252
4.0	 8.0	  8.0	       0.1766	         0.1756	         0.0010	         0.9487	        0.4155	       1.0273
4.0	 9.0	  9.0	      -0.1665	        -0.1665	        -0.0000	         0.0506	        0.6358	       0.0600
4.0	 10.0	  10.0	      -0.0575	        -0.0578	         0.0003	         0.8765	        0.7459	       1.0935
4.0	 12.0	  12.0	      -0.0162	        -0.0156	        -0.0006	         7.5591	        1.0282	      10.8417
4.0	 14.0	  14.0	      -0.0498	        -0.0492	        -0.0006	         2.3880	        0.9308	       3.2625
5.0	 1.0	  1.0	       1.0612	         1.0598	         0.0014	         0.1945	        0.1682	       0.1972



===================================
|||||   RESULTADOS V ESTADO   |||||
===================================

Bus i		V [p.u.]	delta [º]

1.0	       1.0598	        0.0000
2.0	       1.0448	       -4.9908
3.0	       1.0097	      -12.7538
4.0	       1.0174	      -10.3203
5.0	       1.0192	       -8.7869
6.0	       1.0698	      -14.2018
7.0	       1.0612	      -13.3603
8.0	       1.0896	      -13.3609
9.0	       1.0557	      -14.9343
10.0	       1.0507	      -15.0910
11.0	       1.0566	      -14.7783
12.0	       1.0553	      -15.0385
13.0	       1.0505	      -15.1207
14.0	       1.0357	      -15.9967
