========================================
|||||   DADOS BÁSICOS DE ENTRADA   |||||
========================================

	Data:03-Jul-2017 07:27:41

	Nome do sistema:IEEE_14_busbar_ex1_dados_london2b.xlsx
	Método Usado:MQP
	Potência base=1MW	Tensão Base=1kV
	Barras=14	
	Numero de Linhas:20

	Numero de Medidas:59

	ITERAÇÕES =4


	VALOR FUNÇÃO OBJETIVO J(x) =19.4464


===================================
|||||   RESULTADOS RESÍDUOS   |||||
===================================

Tipo	Bus i	Bus j		Medida [pu]	Estimada [pu]	Resíduo [pu] 	Resíduo N [pu] 	  UI    	  b^  

1.0	 1.0	  2.0	       1.5899	         1.5739	         0.0160	         1.5902	        0.2832	       1.6528
1.0	 1.0	  5.0	       0.7559	         0.7573	        -0.0013	         0.2784	        0.3066	       0.2911
1.0	 3.0	  2.0	      -0.7175	        -0.7121	        -0.0055	         1.1994	        0.2768	       1.2444
1.0	 5.0	  2.0	      -0.4057	        -0.4071	         0.0015	         0.5848	        0.3972	       0.6292
1.0	 4.0	  3.0	       0.2376	         0.2388	        -0.0011	         1.2222	        1.4267	       2.1294
1.0	 4.0	  5.0	      -0.6075	        -0.6120	         0.0045	         1.3230	        0.6810	       1.6007
1.0	 9.0	  4.0	      -0.1627	        -0.1616	        -0.0012	         1.1666	        0.3697	       1.2438
1.0	 6.0	  5.0	      -0.4401	        -0.4421	         0.0020	         0.7045	        0.3132	       0.7382
1.0	 6.0	  11.0	       0.0734	         0.0735	        -0.0001	         0.2704	        1.5361	       0.4957
1.0	 6.0	  12.0	       0.0790	         0.0782	         0.0008	         1.6881	        0.5573	       1.9325
1.0	 6.0	  13.0	       0.1784	         0.1781	         0.0003	         0.2982	        0.5027	       0.3337
1.0	 7.0	  8.0	       0.0001	         0.0001	         0.0000	         0.0004	        0.7070	       0.0005
1.0	 8.0	  7.0	      -0.0001	        -0.0001	        -0.0000	         0.0004	        0.7070	       0.0005
1.0	 9.0	  7.0	      -0.2821	        -0.2819	        -0.0002	         0.1089	        0.3700	       0.1161
1.0	 10.0	  9.0	      -0.0517	        -0.0518	         0.0000	         0.1340	        1.6924	       0.2634
1.0	 10.0	  11.0	      -0.0382	        -0.0383	         0.0000	         0.4486	        2.3306	       1.1378
1.0	 12.0	  13.0	       0.0161	         0.0161	        -0.0000	         0.6683	        2.5512	       1.8311
1.0	 14.0	  13.0	      -0.0554	        -0.0553	        -0.0001	         0.2592	        1.2779	       0.4207
2.0	 1.0	  1.0	       2.3384	         2.3312	         0.0072	         0.4822	        0.2852	       0.5014
2.0	 2.0	  2.0	       0.1833	         0.1832	         0.0001	         0.6602	        7.9833	       5.3121
2.0	 3.0	  3.0	      -0.9545	        -0.9470	        -0.0074	         1.2772	        0.4075	       1.3792
2.0	 4.0	  4.0	      -0.4769	        -0.4752	        -0.0018	         1.0357	        1.5748	       1.9321
2.0	 6.0	  6.0	      -0.1124	        -0.1123	        -0.0001	         0.2542	        2.3366	       0.6459
2.0	 7.0	  7.0	      -0.0002	        -0.0002	        -0.0000	         0.0521	       49.7252	       2.5923
2.0	 8.0	  8.0	      -0.0001	        -0.0001	        -0.0000	         0.0004	        0.7070	       0.0005
2.0	 9.0	  9.0	      -0.2977	        -0.2981	         0.0005	         0.2807	        0.7121	       0.3445
2.0	 10.0	  10.0	      -0.0901	        -0.0900	        -0.0001	         0.1996	        0.7102	       0.2449
2.0	 12.0	  12.0	      -0.0609	        -0.0614	         0.0005	         1.4673	        0.8606	       1.9359
2.0	 14.0	  14.0	      -0.1474	        -0.1476	         0.0003	         0.3621	        0.9440	       0.4979
3.0	 1.0	  2.0	      -0.2038	        -0.2045	         0.0007	         0.6050	        0.5717	       0.6969
3.0	 1.0	  5.0	       0.0388	         0.0388	        -0.0001	         0.6275	        1.6889	       1.2316
3.0	 3.0	  2.0	       0.0160	         0.0160	         0.0000	         0.1627	        1.8505	       0.3423
3.0	 5.0	  2.0	      -0.0214	        -0.0214	        -0.0001	         1.0521	        2.5352	       2.8674
3.0	 4.0	  3.0	      -0.0486	        -0.0488	         0.0002	         0.8021	        0.5148	       0.9021
3.0	 4.0	  5.0	       0.1584	         0.1585	        -0.0002	         0.1710	        0.4651	       0.1886
3.0	 9.0	  4.0	       0.0172	         0.0172	        -0.0000	         0.4930	        1.5518	       0.9102
3.0	 6.0	  5.0	      -0.0818	        -0.0817	        -0.0001	         0.2484	        0.6913	       0.3020
3.0	 6.0	  11.0	       0.0353	         0.0353	        -0.0000	         0.3328	        1.3357	       0.5552
3.0	 6.0	  12.0	       0.0251	         0.0252	        -0.0001	         0.4313	        0.5335	       0.4888
3.0	 6.0	  13.0	       0.0718	         0.0723	        -0.0006	         1.3310	        0.4363	       1.4522
3.0	 7.0	  8.0	      -0.1710	        -0.1711	         0.0002	         0.1482	        0.4060	       0.1599
3.0	 8.0	  7.0	       0.1745	         0.1757	        -0.0012	         1.0673	        0.4154	       1.1557
3.0	 9.0	  7.0	      -0.0497	        -0.0497	        -0.0000	         0.2329	        1.3742	       0.3958
3.0	 10.0	  9.0	      -0.0420	        -0.0419	        -0.0001	         0.6132	        1.2419	       0.9777
3.0	 10.0	  11.0	      -0.0159	        -0.0159	        -0.0000	         0.7012	        3.1036	       2.2865
3.0	 12.0	  13.0	       0.0075	         0.0075	         0.0000	         0.3928	        1.9792	       0.8711
3.0	 14.0	  13.0	      -0.0160	        -0.0160	         0.0000	         0.6303	        1.6101	       1.1947
4.0	 1.0	  1.0	      -0.1660	        -0.1657	        -0.0003	         0.4230	        0.9183	       0.5743
4.0	 2.0	  2.0	       0.3087	         0.3100	        -0.0012	         0.8009	        0.8912	       1.0728
4.0	 3.0	  3.0	       0.0614	         0.0613	         0.0001	         0.2043	        0.5586	       0.2340
4.0	 4.0	  4.0	       0.0391	         0.0391	        -0.0000	         0.3938	        4.6306	       1.8656
4.0	 6.0	  6.0	       0.0513	         0.0511	         0.0001	         0.8419	        1.7410	       1.6903
4.0	 7.0	  7.0	       0.0002	         0.0002	        -0.0000	         0.2286	       17.2616	       3.9526
4.0	 8.0	  8.0	       0.1766	         0.1757	         0.0010	         0.8929	        0.4154	       0.9668
4.0	 9.0	  9.0	      -0.1665	        -0.1667	         0.0002	         0.2056	        0.6367	       0.2438
4.0	 10.0	  10.0	      -0.0575	        -0.0578	         0.0002	         0.8066	        0.7459	       1.0063
4.0	 12.0	  12.0	      -0.0162	        -0.0161	        -0.0000	         0.3930	        1.2261	       0.6219
4.0	 14.0	  14.0	      -0.0498	        -0.0497	        -0.0001	         0.5738	        0.9434	       0.7888
5.0	 1.0	  1.0	       1.0612	         1.0619	        -0.0007	         0.1070	        0.1689	       0.1085



===================================
|||||   RESULTADOS V ESTADO   |||||
===================================

Bus i		V [p.u.]	delta [º]

1.0	       1.0619	        0.0000
2.0	       1.0469	       -4.9807
3.0	       1.0118	      -12.7273
4.0	       1.0195	      -10.3015
5.0	       1.0213	       -8.7668
6.0	       1.0717	      -14.2101
7.0	       1.0633	      -13.3532
8.0	       1.0916	      -13.3538
9.0	       1.0577	      -14.9332
10.0	       1.0528	      -15.0897
11.0	       1.0587	      -14.7789
12.0	       1.0568	      -15.0655
13.0	       1.0521	      -15.1458
14.0	       1.0374	      -16.0130
