========================================
|||||   DADOS BÁSICOS DE ENTRADA   |||||
========================================

	Data:29-Jun-2017 18:15:11

	Nome do sistema:IEEE_14_busbar_ex1_dados_london.xlsx
	Método Usado:MQP
	Potência base=1MW	Tensão Base=1kV
	Barras=14	
	Numero de Linhas:20

	Numero de Medidas:61

	ITERAÇÕES =4


	VALOR FUNÇÃO OBJETIVO J(x) =22.5137


===================================
|||||   RESULTADOS RESÍDUOS   |||||
===================================

Tipo	Bus i	Bus j		Medida [pu]	Estimada [pu]	Resíduo [pu] 	Resíduo N [pu] 	  UI    	  b^  

1.0	 1.0	  2.0	       1.5899	         1.5741	         0.0159	         1.5752	        0.2828	       1.6370
1.0	 1.0	  5.0	       0.7559	         0.7574	        -0.0015	         0.3021	        0.3060	       0.3160
1.0	 3.0	  2.0	      -0.7175	        -0.7121	        -0.0054	         1.1899	        0.2764	       1.2345
1.0	 5.0	  2.0	      -0.4057	        -0.4072	         0.0016	         0.6205	        0.3965	       0.6675
1.0	 4.0	  3.0	       0.2376	         0.2388	        -0.0011	         1.2425	        1.4266	       2.1646
1.0	 4.0	  5.0	      -0.6075	        -0.6117	         0.0042	         1.2398	        0.6775	       1.4976
1.0	 9.0	  4.0	      -0.1627	        -0.1615	        -0.0013	         1.2650	        0.3617	       1.3453
1.0	 6.0	  5.0	      -0.4401	        -0.4417	         0.0016	         0.5846	        0.3010	       0.6106
1.0	 6.0	  11.0	       0.0734	         0.0735	        -0.0001	         0.4146	        1.5212	       0.7547
1.0	 6.0	  12.0	       0.0790	         0.0780	         0.0009	         1.9662	        0.4876	       2.1875
1.0	 12.0	  6.0	      -0.0767	        -0.0773	         0.0006	         1.3404	        0.4831	       1.4886
1.0	 6.0	  13.0	       0.1784	         0.1778	         0.0006	         0.5792	        0.4502	       0.6351
1.0	 7.0	  8.0	       0.0001	         0.0001	         0.0000	         0.0016	        0.7070	       0.0019
1.0	 8.0	  7.0	      -0.0001	        -0.0001	        -0.0000	         0.0016	        0.7070	       0.0019
1.0	 9.0	  7.0	      -0.2821	        -0.2817	        -0.0004	         0.2106	        0.3621	       0.2240
1.0	 10.0	  9.0	      -0.0517	        -0.0518	         0.0000	         0.1161	        1.6920	       0.2282
1.0	 10.0	  11.0	      -0.0382	        -0.0383	         0.0000	         0.4523	        2.3300	       1.1468
1.0	 12.0	  13.0	       0.0161	         0.0161	        -0.0000	         0.4735	        2.5220	       1.2846
1.0	 14.0	  13.0	      -0.0554	        -0.0554	        -0.0000	         0.1334	        1.2694	       0.2156
2.0	 1.0	  1.0	       2.3384	         2.3315	         0.0069	         0.4645	        0.2847	       0.4829
2.0	 2.0	  2.0	       0.1833	         0.1832	         0.0001	         0.6692	        7.9832	       5.3842
2.0	 3.0	  3.0	      -0.9545	        -0.9471	        -0.0074	         1.2665	        0.4073	       1.3675
2.0	 4.0	  4.0	      -0.4769	        -0.4752	        -0.0017	         1.0258	        1.5741	       1.9131
2.0	 6.0	  6.0	      -0.1124	        -0.1124	         0.0000	         0.0562	        2.2763	       0.1398
2.0	 7.0	  7.0	      -0.0002	        -0.0002	        -0.0000	         0.1893	       49.4860	       9.3699
2.0	 8.0	  8.0	      -0.0001	        -0.0001	        -0.0000	         0.0016	        0.7070	       0.0019
2.0	 9.0	  9.0	      -0.2977	        -0.2980	         0.0003	         0.1947	        0.7085	       0.2387
2.0	 10.0	  10.0	      -0.0901	        -0.0900	        -0.0001	         0.2053	        0.7102	       0.2518
2.0	 12.0	  12.0	      -0.0609	        -0.0612	         0.0003	         0.9515	        0.7440	       1.1860
2.0	 14.0	  14.0	      -0.1474	        -0.1475	         0.0002	         0.2092	        0.9323	       0.2860
3.0	 1.0	  2.0	      -0.2038	        -0.2046	         0.0007	         0.6130	        0.5717	       0.7061
3.0	 1.0	  5.0	       0.0388	         0.0388	        -0.0001	         0.6150	        1.6882	       1.2067
3.0	 3.0	  2.0	       0.0160	         0.0160	         0.0000	         0.1926	        1.8493	       0.4049
3.0	 5.0	  2.0	      -0.0214	        -0.0214	        -0.0001	         1.0820	        2.5347	       2.9482
3.0	 4.0	  3.0	      -0.0486	        -0.0488	         0.0002	         0.8254	        0.5136	       0.9279
3.0	 4.0	  5.0	       0.1584	         0.1586	        -0.0002	         0.2205	        0.4640	       0.2431
3.0	 9.0	  4.0	       0.0172	         0.0172	        -0.0000	         0.4046	        1.5486	       0.7458
3.0	 6.0	  5.0	      -0.0818	        -0.0817	        -0.0001	         0.1244	        0.6728	       0.1500
3.0	 6.0	  11.0	       0.0353	         0.0353	        -0.0000	         0.2100	        1.3278	       0.3490
3.0	 6.0	  12.0	       0.0251	         0.0252	        -0.0001	         0.6541	        0.4651	       0.7214
3.0	 12.0	  6.0	      -0.0239	        -0.0237	        -0.0002	         1.1216	        0.4982	       1.2531
3.0	 6.0	  13.0	       0.0718	         0.0724	        -0.0007	         1.4830	        0.4011	       1.5979
3.0	 7.0	  8.0	      -0.1710	        -0.1711	         0.0002	         0.1442	        0.4060	       0.1556
3.0	 8.0	  7.0	       0.1745	         0.1757	        -0.0012	         1.0619	        0.4154	       1.1499
3.0	 9.0	  7.0	      -0.0497	        -0.0497	        -0.0000	         0.2500	        1.3741	       0.4249
3.0	 10.0	  9.0	      -0.0420	        -0.0419	        -0.0001	         0.6076	        1.2418	       0.9688
3.0	 10.0	  11.0	      -0.0159	        -0.0159	        -0.0000	         0.6966	        3.1017	       2.2700
3.0	 12.0	  13.0	       0.0075	         0.0075	         0.0000	         0.2360	        1.9519	       0.5177
3.0	 14.0	  13.0	      -0.0160	        -0.0160	         0.0000	         0.4926	        1.5967	       0.9281
4.0	 1.0	  1.0	      -0.1660	        -0.1657	        -0.0003	         0.4093	        0.9183	       0.5557
4.0	 2.0	  2.0	       0.3087	         0.3099	        -0.0011	         0.7392	        0.8892	       0.9892
4.0	 3.0	  3.0	       0.0614	         0.0613	         0.0001	         0.2057	        0.5585	       0.2357
4.0	 4.0	  4.0	       0.0391	         0.0391	        -0.0000	         0.3381	        4.6278	       1.6008
4.0	 6.0	  6.0	       0.0513	         0.0512	         0.0001	         0.6012	        1.6939	       1.1827
4.0	 7.0	  7.0	       0.0002	         0.0002	        -0.0000	         0.2181	       17.2613	       3.7703
4.0	 8.0	  8.0	       0.1766	         0.1757	         0.0010	         0.8983	        0.4154	       0.9727
4.0	 9.0	  9.0	      -0.1665	        -0.1667	         0.0002	         0.2429	        0.6360	       0.2879
4.0	 10.0	  10.0	      -0.0575	        -0.0578	         0.0003	         0.8102	        0.7459	       1.0107
4.0	 12.0	  12.0	      -0.0162	        -0.0162	         0.0000	         0.1430	        1.0283	       0.2052
4.0	 14.0	  14.0	      -0.0498	        -0.0497	        -0.0001	         0.4326	        0.9308	       0.5910
5.0	 1.0	  1.0	       1.0612	         1.0621	        -0.0009	         0.1296	        0.1678	       0.1314



===================================
|||||   RESULTADOS V ESTADO   |||||
===================================

Bus i		V [p.u.]	delta [º]

1.0	       1.0621	        0.0000
2.0	       1.0470	       -4.9796
3.0	       1.0119	      -12.7243
4.0	       1.0197	      -10.2991
5.0	       1.0215	       -8.7655
6.0	       1.0719	      -14.2030
7.0	       1.0635	      -13.3479
8.0	       1.0918	      -13.3484
9.0	       1.0579	      -14.9264
10.0	       1.0530	      -15.0828
11.0	       1.0589	      -14.7721
12.0	       1.0570	      -15.0559
13.0	       1.0522	      -15.1361
14.0	       1.0376	      -16.0036
