========================================
|||||   DADOS BÁSICOS DE ENTRADA   |||||
========================================

	Data:03-Jul-2017 09:51:47

	Nome do sistema:IEEE_14_busbar_prova_london_a.xlsx
	Método Usado:MQP
	Potência base=1MW	Tensão Base=1kV
	Barras=14	
	Numero de Linhas:20

	Numero de Medidas:60

	ITERAÇÕES =4


	VALOR FUNÇÃO OBJETIVO J(x) =94.6518


===================================
|||||   RESULTADOS RESÍDUOS   |||||
===================================

Tipo	Bus i	Bus j		Medida [pu]	Estimada [pu]	Resíduo [pu] 	Resíduo N [pu] 	  UI    	  b^  

1.0	 1.0	  2.0	       1.0466	         1.0446	         0.0019	         0.0767	        0.6472	       0.0913
1.0	 1.0	  5.0	       0.7606	         0.7643	        -0.0037	         0.1325	        0.3694	       0.1412
1.0	 3.0	  2.0	      -0.7637	        -0.7554	        -0.0083	         0.2963	        0.3945	       0.3186
1.0	 5.0	  2.0	      -0.5997	        -0.5969	        -0.0029	         0.1021	        0.3715	       0.1089
1.0	 4.0	  3.0	       0.1038	         0.0899	         0.0139	         0.5246	        0.5332	       0.5945
1.0	 4.0	  5.0	      -0.4941	        -0.5051	         0.0110	         0.5921	        1.2738	       0.9589
1.0	 9.0	  4.0	      -0.2151	        -0.2134	        -0.0017	         0.0582	        0.2916	       0.0606
1.0	 6.0	  5.0	      -0.4928	        -0.4857	        -0.0071	         0.3709	        1.2135	       0.5833
1.0	 6.0	  11.0	       0.1165	         0.1103	         0.0062	         0.3348	        1.2642	       0.5397
1.0	 6.0	  12.0	       0.0749	         0.0786	        -0.0037	         0.1360	        0.4673	       0.1501
1.0	 12.0	  6.0	      -0.0717	        -0.0775	         0.0058	         0.2114	        0.4564	       0.2324
1.0	 7.0	  8.0	      -0.0062	        -0.0025	        -0.0036	         0.1452	        0.6592	       0.1739
1.0	 8.0	  7.0	       0.0071	         0.0025	         0.0045	         0.1815	        0.6592	       0.2174
1.0	 9.0	  7.0	      -0.3747	        -0.3732	        -0.0015	         0.0643	        0.7659	       0.0810
1.0	 10.0	  9.0	      -0.1081	        -0.1015	        -0.0066	         0.2875	        0.8409	       0.3757
1.0	 10.0	  11.0	      -0.0249	        -0.0128	        -0.0121	         0.5485	        0.9225	       0.7462
1.0	 12.0	  13.0	       0.0079	         0.0347	        -0.0268	         1.0540	        0.6253	       1.2431
1.0	 14.0	  13.0	      -0.0543	        -0.0379	        -0.0165	         0.6505	        0.6376	       0.7715
2.0	 1.0	  1.0	       1.8059	         1.8090	        -0.0030	         0.1607	        1.2480	       0.2569
2.0	 2.0	  2.0	       1.1107	         1.1135	        -0.0027	         0.2022	        1.9732	       0.4472
2.0	 3.0	  3.0	      -0.8374	        -0.8435	         0.0061	         0.3194	        1.2005	       0.4990
2.0	 4.0	  4.0	      -0.5468	        -0.5390	        -0.0078	         0.5569	        1.8866	       1.1892
2.0	 6.0	  6.0	      -0.1482	        -0.1481	        -0.0001	         0.0153	        3.0375	       0.0489
2.0	 7.0	  7.0	      -0.0079	        -0.0018	        -0.0061	         0.3862	        1.6290	       0.7382
2.0	 8.0	  8.0	      -0.0117	         0.0025	        -0.0142	         0.5687	        0.6592	       0.6812
2.0	 9.0	  9.0	      -0.4203	        -0.4177	        -0.0026	         0.1710	        1.6843	       0.3349
2.0	 10.0	  10.0	      -0.1081	        -0.1144	         0.0063	         0.3459	        1.3244	       0.5740
2.0	 12.0	  12.0	      -0.0615	        -0.0428	        -0.0188	         0.9625	        1.1685	       1.4802
2.0	 14.0	  14.0	      -0.0970	        -0.1022	         0.0052	         0.3594	        1.7959	       0.7388
3.0	 1.0	  2.0	      -0.1530	        -0.1558	         0.0027	         0.1077	        0.6448	       0.1281
3.0	 1.0	  5.0	       0.1272	         0.1265	         0.0007	         0.0246	        0.3784	       0.0263
3.0	 3.0	  2.0	       0.0728	         0.0584	         0.0144	         0.5206	        0.4211	       0.5648
3.0	 5.0	  2.0	      -0.0619	        -0.0761	         0.0142	         0.5112	        0.4057	       0.5517
3.0	 4.0	  3.0	      -0.1475	        -0.1465	        -0.0010	         0.0356	        0.4900	       0.0397
3.0	 4.0	  5.0	       0.2003	         0.1859	         0.0144	         0.7906	        1.3037	       1.2989
3.0	 9.0	  4.0	      -0.0035	        -0.0200	         0.0165	         0.5742	        0.2956	       0.5988
3.0	 6.0	  5.0	      -0.1588	        -0.2385	         0.0797	         3.6772	        0.9573	       5.0905
3.0	 6.0	  11.0	       0.0205	        -0.0758	         0.0962	         4.5688	        1.0143	       6.5077
3.0	 6.0	  12.0	       0.0232	         0.0571	        -0.0339	         1.2316	        0.4365	       1.3438
3.0	 12.0	  6.0	      -0.0053	        -0.0547	         0.0494	         1.7857	        0.4218	       1.9380
3.0	 6.0	  13.0	       0.5087	         0.3198	         0.1888	         9.5740	        1.1462	      14.5634
3.0	 7.0	  8.0	      -0.1684	        -0.1615	        -0.0069	         0.2717	        0.6308	       0.3212
3.0	 8.0	  7.0	       0.1750	         0.1659	         0.0090	         0.3642	        0.6798	       0.4404
3.0	 9.0	  7.0	      -0.0754	        -0.1126	         0.0372	         1.5568	        0.7577	       1.9532
3.0	 10.0	  9.0	      -0.0648	        -0.0463	        -0.0184	         0.7946	        0.8201	       1.0276
3.0	 10.0	  11.0	       0.0055	        -0.0083	         0.0137	         0.6147	        0.8948	       0.8249
3.0	 12.0	  13.0	       0.0083	         0.0955	        -0.0873	         3.2670	        0.5115	       3.6696
3.0	 14.0	  13.0	       0.0156	         0.0691	        -0.0535	         2.0613	        0.5814	       2.3843
4.0	 1.0	  1.0	      -0.0278	        -0.0293	         0.0015	         0.0798	        1.2713	       0.1290
4.0	 2.0	  2.0	       0.3393	         0.3356	         0.0037	         0.2780	        2.0330	       0.6299
4.0	 3.0	  3.0	       0.1870	         0.1968	        -0.0098	         0.5273	        1.2612	       0.8486
4.0	 4.0	  4.0	       0.0528	         0.0611	        -0.0083	         0.6058	        1.9364	       1.3203
4.0	 6.0	  6.0	      -0.0418	         0.0627	        -0.1045	         7.2154	        1.8141	      14.9463
4.0	 7.0	  7.0	       0.0124	         0.0048	         0.0076	         0.4908	        1.6514	       0.9476
4.0	 8.0	  8.0	       0.1576	         0.1659	        -0.0083	         0.3362	        0.6798	       0.4065
4.0	 9.0	  9.0	      -0.1697	        -0.1487	        -0.0210	         1.3493	        1.6453	       2.5978
4.0	 10.0	  10.0	      -0.0606	        -0.0546	        -0.0060	         0.3302	        1.3183	       0.5464
4.0	 12.0	  12.0	      -0.0092	         0.0408	        -0.0500	         2.4984	        1.1150	       3.7420
4.0	 14.0	  14.0	      -0.0433	        -0.0551	         0.0118	         0.7760	        1.6980	       1.5292
5.0	 1.0	  1.0	       1.0517	         1.0536	        -0.0019	         0.8548	        4.3934	       3.8513



===================================
|||||   RESULTADOS V ESTADO   |||||
===================================

Bus i		V [p.u.]	delta [º]

1.0	       1.0536	        0.0000
2.0	       1.0433	       -3.3516
3.0	       1.0130	      -11.6953
4.0	       0.9946	      -10.2863
5.0	       0.9938	       -8.9095
6.0	       0.9991	      -15.5065
7.0	       1.0218	      -14.5853
8.0	       1.0496	      -14.5615
9.0	       1.0087	      -16.8685
10.0	       1.0015	      -17.2715
11.0	       1.0041	      -17.1701
12.0	       0.9749	      -16.2771
13.0	       0.9476	      -15.3985
14.0	       0.9654	      -16.9633
